341.430847 118.141563 0.771343
351.222565 190.557648 0.883035
300.215790 194.516800 0.806411
276.744629 282.614502 0.779003
272.828339 359.049805 0.741707
402.113983 180.841904 0.829590
431.433960 263.002533 0.782912
445.115906 337.394989 0.886110
353.067932 353.182861 0.666281
317.844696 355.135071 0.601336
319.832947 492.260162 0.787456
319.904572 617.541199 0.783731
386.502533 351.218506 0.637113
390.343689 488.288086 0.722371
392.357147 615.651184 0.719555
333.580078 114.074165 0.782475
353.108307 108.268715 0.782799
321.718506 123.897133 0.723626
370.766510 118.033394 0.842681
400.127197 651.005493 0.702638
413.929016 647.038818 0.691208
382.600342 623.485779 0.647814
288.521118 658.747986 0.592877
282.624786 650.859009 0.574207
333.534241 625.437561 0.644061