333.487213 129.760727 0.625111
366.809265 178.772736 0.846038
333.562469 184.697968 0.723071
0.000000 0.000000 0.000000
0.000000 0.000000 0.000000
398.248352 167.076035 0.831788
429.635620 245.411575 0.796729
413.774048 339.404022 0.792422
347.237823 351.217651 0.599660
319.801880 351.215973 0.598820
325.732208 482.466675 0.685268
337.512299 603.907959 0.778823
372.707794 353.114136 0.579103
380.534973 488.315186 0.728958
386.478699 623.509949 0.696170
331.568451 118.048477 0.348403
337.516327 117.985527 0.603296
0.000000 0.000000 0.000000
366.778748 118.116692 0.611229
351.197906 666.694458 0.682370
368.769806 668.560669 0.633574
400.104797 633.362061 0.645189
284.559967 631.360962 0.668200
286.503204 621.537292 0.605301
351.248657 617.580627 0.595370