337.491455 121.989540 0.755785
382.483124 167.049301 0.565682
376.639099 167.078430 0.370958
0.000000 0.000000 0.000000
0.000000 0.000000 0.000000
382.597046 165.091400 0.801555
382.541595 255.201752 0.767739
345.324280 339.466095 0.688416
358.992096 351.225220 0.435402
359.031494 353.124664 0.286970
351.170593 480.477264 0.277218
345.298309 599.972107 0.144845
357.077026 355.105652 0.504662
351.241302 486.363708 0.653774
360.979309 629.390686 0.660709
0.000000 0.000000 0.000000
349.239044 112.195961 0.718990
0.000000 0.000000 0.000000
370.785339 117.962234 0.780991
300.260376 651.008667 0.609697
313.938171 658.771423 0.570959
372.779541 641.159851 0.542844
306.104095 603.888550 0.316812
306.158966 602.001648 0.288906
0.000000 0.000000 0.000000