362.964722 112.173294 0.760579
341.396820 180.846634 0.847804
302.195587 180.788773 0.792418
270.841461 272.728424 0.789549
280.644623 366.814728 0.801600
384.450317 182.774979 0.794543
411.874115 261.113007 0.413238
419.777985 347.238129 0.175026
366.840210 364.854370 0.619720
335.438477 366.849548 0.601097
333.548462 494.187622 0.749379
335.413971 633.317932 0.750740
398.252014 360.988037 0.626961
392.336945 486.391205 0.684102
382.583191 611.725952 0.782178
351.139679 102.396835 0.838432
366.788849 100.498718 0.724542
323.718719 117.967003 0.814016
0.000000 0.000000 0.000000
431.446594 635.339783 0.741602
431.534332 629.399475 0.672198
368.802216 621.606873 0.658801
351.226013 664.687622 0.648645
335.470886 664.652527 0.654686
333.520874 639.167236 0.584417