0.000000 0.000000 0.000000
368.857971 178.664185 0.883004
429.540619 180.822815 0.814381
453.060120 276.761566 0.767815
447.264648 355.099701 0.807662
315.884369 167.092453 0.785292
286.493530 259.182373 0.791449
282.612366 337.487152 0.805327
366.775482 360.953918 0.633255
400.215698 362.941803 0.593352
398.108795 494.221741 0.758440
396.193634 621.571228 0.730334
325.691345 359.016205 0.580383
329.639221 492.178223 0.768689
323.733307 621.570984 0.753696
0.000000 0.000000 0.000000
0.000000 0.000000 0.000000
402.105377 118.029877 0.662721
351.159393 114.083122 0.746270
304.200348 607.814087 0.425259
302.239777 617.603271 0.576985
327.661316 637.276062 0.696242
415.806580 611.752075 0.368791
417.759338 619.546448 0.446863
388.411621 637.191040 0.616989