384.463440 114.063660 0.801872
339.437897 172.870041 0.720757
327.676941 174.887344 0.766637
319.829681 272.853790 0.778027
349.254578 362.934235 0.763775
353.212769 167.097610 0.633937
0.000000 0.000000 0.000000
0.000000 0.000000 0.000000
372.749023 353.155548 0.468309
364.854156 355.141113 0.515952
366.833649 486.358337 0.670466
355.145142 635.189209 0.701421
386.427887 353.101227 0.388394
378.569031 480.460510 0.403216
368.789581 603.888977 0.216964
372.737335 100.470818 0.802302
382.462036 102.307259 0.055602
341.382660 112.126480 0.769508
0.000000 0.000000 0.000000
413.807159 602.014038 0.099134
411.943726 598.029602 0.105036
0.000000 0.000000 0.000000
423.687561 664.598083 0.601335
406.064209 666.569519 0.610681
343.348267 646.979553 0.623103