0.000000 0.000000 0.000000
388.405212 178.699982 0.839079
431.481415 194.414978 0.843967
445.217285 286.536469 0.792635
429.526398 360.985107 0.715939
351.092529 163.041519 0.836690
313.997375 257.065735 0.769933
288.532562 335.478149 0.841336
368.799652 351.165588 0.637197
400.201080 353.139130 0.624738
386.421844 480.481537 0.747896
384.513855 613.668823 0.703184
335.548676 349.232544 0.612491
331.612701 490.243500 0.729415
335.595551 621.596436 0.745713
0.000000 0.000000 0.000000
0.000000 0.000000 0.000000
404.100037 125.868759 0.467917
360.964630 116.076241 0.753251
284.590942 631.276611 0.659234
290.473572 633.361511 0.721901
351.103027 637.280579 0.647104
364.906097 600.015625 0.155584
366.861969 601.894287 0.137848
386.445923 629.344543 0.624596