388.434570 118.047142 0.600365
337.524323 176.759338 0.839500
370.838531 165.129593 0.778773
392.303802 272.752869 0.706087
413.814240 359.033813 0.771181
306.085388 180.779343 0.739934
0.000000 0.000000 0.000000
0.000000 0.000000 0.000000
353.108124 355.119629 0.639616
380.550812 355.087585 0.603973
386.475952 486.390869 0.686311
384.527679 625.439819 0.570841
325.724609 357.075958 0.587639
337.551544 478.560028 0.745387
335.593445 613.695496 0.623123
384.509247 104.311470 0.736165
0.000000 0.000000 0.000000
366.771210 104.401413 0.793684
0.000000 0.000000 0.000000
345.305725 619.556213 0.147966
323.804993 619.569031 0.224821
335.536743 629.351318 0.593790
441.282043 635.255615 0.249987
431.567871 637.230103 0.245397
376.649353 643.113770 0.417651