0.000000 0.000000 0.000000
370.826477 214.110779 0.820966
415.778839 225.692703 0.834973
437.362793 296.344757 0.746983
447.229370 351.133453 0.859561
331.568817 212.077469 0.810613
280.685638 286.524933 0.719012
223.812424 353.127472 0.717602
366.781555 382.474792 0.698372
392.342590 380.592865 0.653797
398.184753 492.255585 0.820766
400.188477 599.950195 0.806450
337.417084 382.472809 0.662282
335.445648 494.290192 0.829117
331.564148 607.809937 0.757610
0.000000 0.000000 0.000000
0.000000 0.000000 0.000000
382.531250 149.483444 0.452859
335.445740 149.481323 0.687682
276.798798 611.732849 0.726651
288.480011 617.659607 0.813462
337.524628 621.600159 0.778867
380.579163 586.327637 0.489837
384.466156 586.320679 0.436469
402.190399 609.784241 0.666645