333.527283 155.295029 0.780239
384.459503 208.159225 0.735881
398.137146 206.225708 0.577380
0.000000 0.000000 0.000000
0.000000 0.000000 0.000000
372.783783 210.100052 0.795750
364.918579 288.419983 0.816681
310.038940 353.120178 0.826389
376.629150 368.854126 0.646821
386.415588 368.760101 0.582727
384.513062 478.596588 0.786822
394.258972 586.200623 0.711002
366.798584 372.721954 0.629435
366.848633 490.304749 0.777607
370.749664 615.645264 0.754908
327.677887 139.602173 0.059231
337.572113 145.420441 0.807984
0.000000 0.000000 0.000000
368.746979 147.405640 0.838388
310.072083 629.368713 0.660274
325.693237 633.364563 0.657460
384.503632 625.440491 0.719910
351.193054 582.368103 0.232546
353.118500 582.342346 0.225949
402.104279 592.125610 0.643028