0.000000 0.000000 0.000000
347.259369 221.882965 0.782602
398.147186 219.933441 0.744779
447.222412 292.408173 0.783529
496.208679 351.127838 0.742355
292.402405 225.695953 0.788031
255.221359 296.368134 0.752908
223.859497 353.187286 0.775724
351.072113 384.444855 0.705327
378.630951 382.570160 0.649795
384.554108 494.246155 0.820021
392.336548 605.917175 0.762600
319.852570 384.446716 0.689257
317.823914 494.291229 0.779824
306.170654 601.934937 0.834526
0.000000 0.000000 0.000000
0.000000 0.000000 0.000000
372.718292 157.205978 0.562018
321.802673 157.258713 0.438604
306.100372 596.062256 0.494652
294.403412 599.963196 0.616638
306.192352 615.610291 0.781404
413.849335 597.984131 0.585391
415.826813 601.971008 0.689492
386.417938 621.528381 0.732616