386.504486 163.056274 0.804327
335.521851 214.029053 0.718174
327.680725 214.074692 0.783893
321.832245 286.511993 0.821952
351.177979 351.183258 0.827958
347.233826 212.176865 0.545585
366.934723 306.118134 0.064706
386.479614 353.100189 0.241829
355.155640 368.767487 0.651852
345.306519 368.785309 0.611940
339.416779 482.455811 0.754123
321.771240 603.917908 0.807995
368.854126 368.775269 0.647759
357.037323 482.453369 0.719988
351.270844 584.273438 0.845424
382.466766 149.360092 0.839156
384.577393 149.409073 0.059653
353.110229 151.371140 0.757369
0.000000 0.000000 0.000000
398.222260 586.352966 0.673338
394.302795 584.250732 0.597843
349.198151 588.312378 0.547469
382.474091 631.320068 0.723526
366.839691 635.196594 0.685091
311.975189 617.537537 0.767910