351.223755 157.201080 0.823235
382.589996 221.871368 0.827113
355.069031 225.815384 0.792839
335.471283 294.391449 0.813490
290.404510 349.178955 0.850368
411.911102 214.096924 0.799226
445.111786 282.586945 0.820068
455.011414 351.250580 0.813781
366.893707 382.479004 0.738317
343.378754 380.549561 0.647726
353.152252 492.310394 0.830894
357.079346 582.330627 0.786574
388.382233 382.502930 0.682093
398.226013 494.138245 0.838690
402.157288 607.843323 0.788983
349.166534 145.453171 0.691543
364.879089 145.506363 0.785484
0.000000 0.000000 0.000000
392.335052 149.411057 0.781430
366.795593 637.212952 0.764742
382.475586 639.214478 0.712239
413.920654 617.678589 0.789558
306.199707 599.946228 0.707551
310.057556 590.214478 0.633937
368.794373 588.333435 0.713531