384.466736 151.381638 0.859927
359.012238 227.830704 0.840196
319.845154 225.821945 0.808582
274.841187 288.529846 0.835195
241.371155 351.142670 0.764893
398.275055 235.617981 0.813985
429.499146 304.110840 0.838069
476.549286 353.234192 0.872297
364.924683 382.527405 0.737511
337.420685 382.528412 0.740745
325.705902 492.186737 0.790853
317.882111 592.199219 0.787050
388.418793 382.567505 0.689465
384.496460 492.238251 0.863870
384.510773 580.423828 0.820094
370.762878 143.509811 0.809367
390.379913 145.413589 0.774387
345.316132 151.349319 0.775640
0.000000 0.000000 0.000000
429.576843 605.883728 0.760687
429.608398 600.007935 0.733275
372.747223 590.194214 0.672780
329.655457 615.676453 0.731361
313.949951 615.691040 0.707075
313.986450 601.951660 0.592305