366.921722 151.328751 0.836341
370.818420 229.749344 0.857330
323.794678 233.613785 0.786850
288.422119 290.546082 0.834573
233.634659 351.205383 0.763221
417.757202 227.846924 0.855532
460.946808 292.431458 0.798556
509.799744 351.165985 0.880737
368.728027 380.548126 0.757538
337.446289 380.524902 0.736863
335.418884 490.291290 0.822389
333.559875 584.319702 0.815924
398.205322 380.546295 0.733303
400.240692 492.256226 0.866031
413.824921 590.250122 0.811633
355.081421 143.497055 0.794436
380.537384 139.630402 0.787915
345.313354 153.304077 0.656570
398.253326 149.496368 0.869451
413.858582 621.569092 0.789299
427.612396 617.702087 0.786931
408.019379 601.914307 0.622255
308.141510 615.667480 0.699725
304.066803 605.835083 0.727944
339.417572 590.173584 0.770463