380.532227 165.075470 0.161513
323.786224 221.896927 0.775100
355.073425 212.112198 0.794549
402.083984 288.424500 0.826386
464.837952 351.130035 0.819329
294.378510 227.819305 0.754402
290.369263 310.076080 0.820323
321.824402 327.685577 0.092925
335.492035 382.488251 0.704362
355.116394 382.458038 0.651060
366.871368 492.161133 0.816842
364.848846 611.776855 0.727804
311.979797 382.515656 0.654441
321.812469 478.567993 0.827163
319.792877 588.256714 0.805195
380.506226 153.293152 0.212969
0.000000 0.000000 0.000000
364.902405 157.202789 0.659630
0.000000 0.000000 0.000000
335.506622 580.401794 0.143367
308.146027 582.338745 0.134755
315.883484 602.028137 0.663745
417.797607 617.595947 0.674608
407.998871 621.560059 0.660055
351.195313 623.490173 0.747569